pitch_offset: 0.0

# A achilles joint
A_r_a0: [0.00998, -0.03, 0.259808]
A_r_b0: [-0.04502, -0.03, 0.259808]
A_r_c0: [-0.055, -0.03, 0]

# B achilles joint
B_r_a0: [0.016013, 0.03, 0.174266]
B_r_b0: [-0.038987, 0.03, 0.174266]
B_r_c0: [-0.055, 0.03, 0]